# Time (s)    Mass_Flux [kg/(m^2 s)]    Inflow_Vel [m/s]    Chamber_Pressure [Pa]
    0.0000             21.664320          1.855414            8457108.67
    0.0050             21.675569          1.856687            8468669.64
    0.0100             21.686761          1.857722            8480181.02
    0.0150             21.697894          1.858582            8491642.60
    0.0200             21.708970          1.859321            8503054.16
    0.0250             21.719988          1.859979            8514415.49
    0.0300             21.730948          1.860590            8525726.39
    0.0350             21.741850          1.861184            8536986.63
    0.0400             21.752693          1.861784            8548196.00
    0.0450             21.763479          1.714974            8559354.31
    0.0500             21.774206          1.134866            8570461.33
    0.0550             21.784875          1.733433            8581516.87
    0.0600             21.795486          1.712226            8592520.71
    0.0650             21.806039          1.688006            8603472.65
    0.0700             21.816532          1.661015            8614372.48
    0.0750             21.826968          1.632172            8625220.00
    0.0800             21.837345          1.603647            8636015.00
    0.0850             21.847663          1.533168            8646757.29
    0.0900             21.857922          1.451091            8657446.65
    0.0950             21.868123          1.406983            8668082.89
    0.1000             21.878264          1.393145            8678665.81
    0.1050             21.888347          1.419199            8689195.21
    0.1100             21.898371          1.578673            8699670.89
    0.1150             21.908336          1.620033            8710092.66
    0.1200             21.918242          1.647910            8720460.31
    0.1250             21.928088          1.669169            8730773.65
    0.1300             21.937876          1.686169            8741032.48
    0.1350             21.947604          1.700663            8751236.62
    0.1400             21.957273          1.138267            8761385.87
    0.1450             21.966883          1.216664            8771480.03
    0.1500             21.976433          1.192964            8781518.92
    0.1550             21.985924          1.169335            8791502.35
    0.1600             21.995355          1.146898            8801430.13
    0.1650             22.004726          1.120585            8811302.06
    0.1700             22.014038          1.112560            8821117.96
    0.1750             22.023291          1.126927            8830877.65
    0.1800             22.032483          1.167427            8840580.94
    0.1850             22.041616          1.188864            8850227.64
    0.1900             22.050689          1.505751            8859817.58
    0.1950             22.059701          1.200034            8869350.57
    0.2000             22.068654          1.170263            8878826.42
    0.2050             22.077547          1.137937            8888244.96
    0.2100             22.086380          1.106257            8897606.01
    0.2150             22.095153          1.102187            8906909.39
    0.2200             22.103865          1.100734            8916154.93
    0.2250             22.112518          1.099290            8925342.44
    0.2300             22.121110          1.097857            8934471.75
    0.2350             22.129642          1.096434            8943542.68
    0.2400             22.138113          1.095023            8952555.08
    0.2450             22.146524          1.093625            8961508.75
    0.2500             22.154874          1.092238            8970403.53
    0.2550             22.163164          1.090865            8979239.25
    0.2600             22.171394          1.089503            8988015.74
    0.2650             22.179562          1.088153            8996732.84
    0.2700             22.187670          1.086814            9005390.37
    0.2750             22.195718          1.085486            9013988.17
    0.2800             22.203704          1.084166            9022526.08
    0.2850             22.211630          1.082845            9031003.92
    0.2900             22.219495          1.081529            9039421.55
    0.2950             22.227299          1.080219            9047778.79
    0.3000             22.235042          1.078911            9056075.49
    0.3050             22.242724          1.077605            9064311.48
    0.3100             22.250345          1.076299            9072486.61
    0.3150             22.257905          1.074990            9080600.73
    0.3200             22.265403          1.073677            9088653.67
    0.3250             22.272841          1.072359            9096645.28
    0.3300             22.280217          1.071034            9104575.40
    0.3350             22.287532          1.069701            9112443.89
    0.3400             22.294786          1.067340            9120250.59
    0.3450             22.301979          1.068184            9127995.36
    0.3500             22.309110          1.069412            9135678.03
    0.3550             22.316179          1.070679            9143298.47
    0.3600             22.323187          1.071996            9150856.52
    0.3650             22.330134          1.073367            9158352.05
    0.3700             22.337019          1.074799            9165784.90
    0.3750             22.343842          1.076297            9173154.93
    0.3800             22.350604          1.077865            9180462.00
    0.3850             22.357304          1.079512            9187705.97
    0.3900             22.363942          1.081238            9194886.70
    0.3950             22.370519          1.083047            9202004.05
    0.4000             22.377034          1.084937            9209057.88
    0.4050             22.383487          1.086905            9216048.05
    0.4100             22.389878          1.088943            9222974.44
    0.4150             22.396207          1.806302            9229836.89
    0.4200             22.402474          1.807173            9236635.29
    0.4250             22.408679          1.808161            9243369.50
    0.4300             22.414822          2.287323            9250039.39
    0.4350             22.420903          1.729069            9256644.83
    0.4400             22.426922          1.710357            9263185.69
    0.4450             22.432879          1.686109            9269661.85
    0.4500             22.438774          1.659129            9276073.17
    0.4550             22.444606          1.635671            9282419.54
    0.4600             22.450377          1.619987            9288700.83
    0.4650             22.456084          1.604646            9294916.91
    0.4700             22.461730          1.590113            9301067.68
    0.4750             22.467313          1.576923            9307153.00
    0.4800             22.472834          1.565659            9313172.76
    0.4850             22.478293          1.556935            9319126.84
    0.4900             22.483689          1.551409            9325015.13
    0.4950             22.489022          1.549845            9330837.51
    0.5000             22.494293          1.553236            9336593.87
    0.5050             22.499502          1.562933            9342284.10
    0.5100             22.504648          1.575738            9347908.07
    0.5150             22.509731          1.585403            9353465.70
    0.5200             22.514752          1.593096            9358956.86
    0.5250             22.519710          1.599289            9364381.44
    0.5300             22.524605          1.604339            9369739.36
    0.5350             22.529438          1.608525            9375030.49
    0.5400             22.534208          1.611176            9380254.73
    0.5450             22.538915          1.612810            9385411.99
    0.5500             22.543559          1.614363            9390502.16
    0.5550             22.548141          1.615848            9395525.14
    0.5600             22.552660          1.617277            9400480.84
    0.5650             22.557115          1.618663            9405369.15
    0.5700             22.561508          1.620013            9410189.99
    0.5750             22.565838          1.621337            9414943.25
    0.5800             22.570105          1.622642            9419628.84
    0.5850             22.574309          1.623934            9424246.68
    0.5900             22.578450          1.625218            9428796.67
    0.5950             22.582528          1.626500            9433278.73
    0.6000             22.586543          1.627783            9437692.75
    0.6050             22.590494          1.629071            9442038.67
    0.6100             22.594383          1.630367            9446316.39
    0.6150             22.598208          1.631675            9450525.83
    0.6200             22.601971          1.632995            9454666.90
    0.6250             22.605670          1.634331            9458739.53
    0.6300             22.609306          1.635683            9462743.63
    0.6350             22.612878          1.637054            9466679.13
    0.6400             22.616388          1.638443            9470545.95
    0.6450             22.619834          1.649380            9474344.01
    0.6500             22.623217          1.770978            9478073.24
    0.6550             22.626537          1.431885            9481733.57
    0.6600             22.629793          1.752830            9485324.92
    0.6650             22.632986          1.444722            9488847.22
    0.6700             22.636115          1.677381            9492300.40
    0.6750             22.639182          1.448891            9495684.40
    0.6800             22.642184          1.233794            9498999.15
    0.6850             22.645124          1.442569            9502244.58
    0.6900             22.648000          1.230602            9505420.63
    0.6950             22.650812          1.175149            9508527.24
    0.7000             22.653561          1.173261            9511564.34
    0.7050             22.656246          1.171425            9514531.88
    0.7100             22.658868          1.169638            9517429.79
    0.7150             22.661427          1.167901            9520258.03
    0.7200             22.663922          1.166213            9523016.52
    0.7250             22.666353          1.164573            9525705.23
    0.7300             22.668721          1.162981            9528324.10
    0.7350             22.671025          1.161432            9530873.07
    0.7400             22.673266          1.159934            9533352.09
    0.7450             22.675443          1.158483            9535761.12
    0.7500             22.677556          1.157078            9538100.11
    0.7550             22.679606          1.155718            9540369.01
    0.7600             22.681592          1.154404            9542567.78
    0.7650             22.683514          1.153134            9544696.37
    0.7700             22.685373          1.151910            9546754.74
    0.7750             22.687168          1.150730            9548742.85
    0.7800             22.688900          1.149598            9550660.67
    0.7850             22.690567          1.148507            9552508.14
    0.7900             22.692171          1.147459            9554285.25
    0.7950             22.693712          1.146455            9555991.94
    0.8000             22.695188          1.145495            9557628.19
    0.8050             22.696601          1.144577            9559193.97
    0.8100             22.697950          1.143703            9560689.24
    0.8150             22.699235          1.142872            9562113.97
    0.8200             22.700457          1.142083            9563468.15
    0.8250             22.701615          1.142898            9564751.73
    0.8300             22.702708          1.143893            9565964.69
    0.8350             22.703739          1.144833            9567107.01
    0.8400             22.704705          1.145718            9568178.67
    0.8450             22.705608          1.146547            9569179.65
    0.8500             22.706446          1.147319            9570109.92
    0.8550             22.707221          1.148034            9570969.46
    0.8600             22.707932          1.148692            9571758.27
    0.8650             22.708580          1.149292            9572476.32
    0.8700             22.709163          1.149834            9573123.60
    0.8750             22.709683          1.150317            9573700.09
    0.8800             22.710139          1.150741            9574205.79
    0.8850             22.710531          1.151107            9574640.68
    0.8900             22.710859          1.151413            9575004.76
    0.8950             22.711123          1.151660            9575298.02
    0.9000             22.711324          1.151847            9575520.45
    0.9050             22.711460          1.151975            9575672.04
    0.9100             22.711533          1.152043            9575752.80
    0.9150             22.711542          1.152052            9575762.72
    0.9200             22.711487          1.152000            9575701.80
    0.9250             22.711368          1.151889            9575570.05
    0.9300             22.711186          1.151718            9575367.46
    0.9350             22.710939          1.151488            9575094.04
    0.9400             22.710629          1.151199            9574749.79
    0.9450             22.710255          1.150850            9574334.72
    0.9500             22.709817          1.150442            9573848.84
    0.9550             22.709315          1.149975            9573292.16
    0.9600             22.708750          1.149449            9572664.68
    0.9650             22.708120          1.148866            9571966.42
    0.9700             22.707427          1.148224            9571197.40
    0.9750             22.706670          1.147525            9570357.63
    0.9800             22.705849          1.146769            9569447.12
    0.9850             22.704964          1.145956            9568465.89
    0.9900             22.704015          1.145087            9567413.96
    0.9950             22.703003          1.144162            9566291.35
    1.0000             22.701927          1.143182            9565098.09
    1.0050             22.700787          1.142148            9563834.19
    1.0100             22.699583          1.142647            9562499.69
    1.0150             22.698316          1.143466            9561094.60
    1.0200             22.696984          1.144329            9559618.95
    1.0250             22.695589          1.145234            9558072.78
    1.0300             22.694131          1.146182            9556456.11
    1.0350             22.692608          1.147174            9554768.97
    1.0400             22.691022          1.148210            9553011.40
    1.0450             22.689372          1.149289            9551183.44
    1.0500             22.687658          1.150409            9549285.11
    1.0550             22.685880          1.151576            9547316.45
    1.0600             22.684039          1.152788            9545277.51
    1.0650             22.682134          1.154045            9543168.32
    1.0700             22.680166          1.155347            9540988.92
    1.0750             22.678134          1.156694            9538739.36
    1.0800             22.676038          1.158087            9536419.68
    1.0850             22.673878          1.159525            9534029.92
    1.0900             22.671655          1.161011            9531570.14
    1.0950             22.669368          1.162547            9529040.37
    1.1000             22.667018          1.164126            9526440.68
    1.1050             22.664604          1.165752            9523771.10
    1.1100             22.662127          1.167427            9521031.70
    1.1150             22.659586          1.169151            9518222.52
    1.1200             22.656981          1.170924            9515343.63
    1.1250             22.654313          1.172746            9512395.07
    1.1300             22.651581          1.174620            9509376.90
    1.1350             22.648786          1.176545            9506289.19
    1.1400             22.645927          1.295357            9503131.99
    1.1450             22.643005          1.599809            9499905.36
    1.1500             22.640019          1.267488            9496609.38
    1.1550             22.636970          1.695853            9493244.09
    1.1600             22.633858          1.255384            9489809.58
    1.1650             22.630682          1.697735            9486305.90
    1.1700             22.627443          1.231577            9482733.12
    1.1750             22.624140          1.676167            9479091.32
    1.1800             22.620774          1.634860            9475380.56
    1.1850             22.617345          1.638830            9471600.91
    1.1900             22.613853          1.637435            9467752.46
    1.1950             22.610297          1.636059            9463835.27
    1.2000             22.606678          1.634702            9459849.43
    1.2050             22.602995          1.633361            9455795.00
    1.2100             22.599250          1.632037            9451672.08
    1.2150             22.595441          1.630726            9447480.73
    1.2200             22.591569          1.629426            9443221.04
    1.2250             22.587634          1.628136            9438893.10
    1.2300             22.583636          1.626851            9434496.99
    1.2350             22.579575          1.625570            9430032.79
    1.2400             22.575450          1.624286            9425500.59
    1.2450             22.571263          1.622997            9420900.48
    1.2500             22.567012          1.621696            9416232.55
    1.2550             22.562699          1.620378            9411496.89
    1.2600             22.558322          1.619035            9406693.59
    1.2650             22.553883          1.617660            9401822.74
    1.2700             22.549381          1.616243            9396884.45
    1.2750             22.544815          1.614774            9391878.80
    1.2800             22.540187          1.613241            9386805.90
    1.2850             22.535496          1.611630            9381665.84
    1.2900             22.530742          1.609544            9376458.72
    1.2950             22.525926          1.605553            9371184.65
    1.3000             22.521046          1.600761            9365843.72
    1.3050             22.516104          1.594909            9360436.04
    1.3100             22.511099          1.587664            9354961.72
    1.3150             22.506032          1.578582            9349420.86
    1.3200             22.500902          1.566858            9343813.57
    1.3250             22.495709          1.555172            9338139.96
    1.3300             22.490453          1.550223            9332400.13
    1.3350             22.485136          1.550560            9326594.21
    1.3400             22.479755          1.555100            9320722.30
    1.3450             22.474312          1.563031            9314784.51
    1.3500             22.468807          1.573674            9308780.97
    1.3550             22.463239          1.586407            9302711.78
    1.3600             22.457608          1.600638            9296577.07
    1.3650             22.451916          1.615815            9290376.96
    1.3700             22.446161          1.631452            9284111.56
    1.3750             22.440344          1.651550            9277780.99
    1.3800             22.434464          1.679120            9271385.39
    1.3850             22.428522          1.704169            9264924.86
    1.3900             22.422518          1.726136            9258399.55
    1.3950             22.416452          1.820573            9251809.57
    1.4000             22.410324          1.808452            9245155.05
    1.4050             22.404134          1.807425            9238436.12
    1.4100             22.397881          1.806523            9231652.91
    1.4150             22.391567          1.089497            9224805.55
    1.4200             22.385190          1.087438            9217894.18
    1.4250             22.378752          1.085452            9210918.92
    1.4300             22.372252          1.083540            9203879.92
    1.4350             22.365690          1.081709            9196777.30
    1.4400             22.359066          1.079960            9189611.21
    1.4450             22.352380          1.078293            9182381.78
    1.4500             22.345632          1.076704            9175089.15
    1.4550             22.338823          1.075187            9167733.47
    1.4600             22.331952          1.073738            9160314.87
    1.4650             22.325020          1.072351            9152833.50
    1.4700             22.318026          1.071020            9145289.50
    1.4750             22.310970          1.069740            9137683.01
    1.4800             22.303853          1.068501            9130014.20
    1.4850             22.296674          1.067306            9122283.19
    1.4900             22.289434          1.069251            9114490.14
    1.4950             22.282133          1.070687            9106635.20
    1.5000             22.274770          1.072014            9098718.52
    1.5050             22.267346          1.073335            9090740.26
    1.5100             22.259860          1.074649            9082700.56
    1.5150             22.252314          1.075959            9074599.58
    1.5200             22.244706          1.077267            9066437.48
    1.5250             22.237037          1.078573            9058214.41
    1.5300             22.229307          1.079880            9049930.53
    1.5350             22.221516          1.081190            9041585.99
    1.5400             22.213665          1.082505            9033180.97
    1.5450             22.205752          1.083826            9024715.62
    1.5500             22.197778          1.085145            9016190.09
    1.5550             22.189743          1.086472            9007604.57
    1.5600             22.181648          1.087809            8998959.20
    1.5650             22.173492          1.089156            8990254.16
    1.5700             22.165275          1.090515            8981489.60
    1.5750             22.156997          1.091886            8972665.71
    1.5800             22.148659          1.093270            8963782.64
    1.5850             22.140260          1.094666            8954840.57
    1.5900             22.131801          1.096074            8945839.66
    1.5950             22.123281          1.097495            8936780.10
    1.6000             22.114701          1.098926            8927662.04
    1.6050             22.106061          1.100368            8918485.67
    1.6100             22.097360          1.101819            8909251.16
    1.6150             22.088599          1.103277            8899958.69
    1.6200             22.079778          1.125941            8890608.43
    1.6250             22.070897          1.162561            8881200.55
    1.6300             22.061955          1.192847            8871735.25
    1.6350             22.052954          1.630509            8862212.70
    1.6400             22.043892          1.193317            8852633.07
    1.6450             22.034770          1.173471            8842996.56
    1.6500             22.025589          1.142749            8833303.34
    1.6550             22.016348          1.112920            8823553.60
    1.6600             22.007047          1.117233            8813747.53
    1.6650             21.997686          1.137957            8803885.30
    1.6700             21.988266          1.163808            8793967.11
    1.6750             21.978786          1.187043            8783993.14
    1.6800             21.969246          1.210883            8773963.58
    1.6850             21.959647          1.259087            8763878.63
    1.6900             21.949988          1.703984            8753738.47
    1.6950             21.940270          1.689910            8743543.29
    1.7000             21.930493          1.673653            8733293.29
    1.7050             21.920656          1.653621            8722988.66
    1.7100             21.910761          1.627606            8712629.59
    1.7150             21.900806          1.593192            8702216.28
    1.7200             21.890791          1.436298            8691748.93
    1.7250             21.880718          1.394851            8681227.73
    1.7300             21.870586          1.400851            8670652.88
    1.7350             21.860395          1.437463            8660024.58
    1.7400             21.850145          1.508924            8649343.03
    1.7450             21.839836          1.597154            8638608.42
    1.7500             21.829469          1.625170            8627820.97
    1.7550             21.819042          1.654184            8616980.88
    1.7600             21.808558          1.681773            8606088.34
    1.7650             21.798014          1.706709            8595143.56
    1.7700             21.787412          1.728644            8584146.75
    1.7750             21.776752          1.492521            8573098.11
    1.7800             21.766033          1.618886            8561997.85
    1.7850             21.755256          1.861930            8550846.18
    1.7900             21.744420          1.861325            8539643.30
    1.7950             21.733527          1.860731            8528389.42
    1.8000             21.722575          1.860126            8517084.76
    1.8050             21.711565          1.859481            8505729.53
    1.8100             21.700497          1.858765            8494323.93
    1.8150             21.689372          1.857936            8482868.18
    1.8200             21.678188          1.856947            8471362.49
    1.8250             21.666947          1.855737            8459807.08
    1.8300             21.655647          1.854216            8448202.16
    1.8350             21.644291          1.850402            8436547.95
    1.8400             21.632876          1.828493            8424844.66
    1.8450             21.621404          1.818400            8413092.51
    1.8500             21.609874          1.827225            8401291.72
    1.8550             21.598287          1.841669            8389442.51
    1.8600             21.586643          1.855890            8377545.10
    1.8650             21.574942          1.868074            8365599.70
    1.8700             21.563183          1.878047            8353606.54
    1.8750             21.551367          1.886123            8341565.84
    1.8800             21.539494          2.261603            8329477.82
    1.8850             21.527564          1.908878            8317342.71
    1.8900             21.515577          1.909246            8305160.73
    1.8950             21.503533          1.909770            8292932.10
    1.9000             21.491432          1.655732            8280657.05
    1.9050             21.479275          1.660587            8268335.81
    1.9100             21.467061          1.665569            8255968.60
    1.9150             21.454790          1.670631            8243555.64
    1.9200             21.442463          1.675731            8231097.18
    1.9250             21.430080          1.680832            8218593.43
    1.9300             21.417640          1.685905            8206044.62
    1.9350             21.405144          1.690922            8193450.99
    1.9400             21.392591          1.668551            8180812.77
    1.9450             21.379983          1.670335            8168130.18
    1.9500             21.367318          1.711723            8155403.47
    1.9550             21.354597          1.757362            8142632.85
    1.9600             21.341820          1.796485            8129818.57
    1.9650             21.328988          1.826986            8116960.86
    1.9700             21.316100          1.849823            8104059.96
    1.9750             21.303156          1.866700            8091116.09
    1.9800             21.290156          1.879167            8078129.49
    1.9850             21.277101          1.888519            8065100.41
    1.9900             21.263990          1.895680            8052029.07
    1.9950             21.250824          1.901300            8038915.72
    2.0000             21.237603          1.905813            8025760.59
    2.0050             21.224326          1.909508            8012563.92
    2.0100             21.210994          1.912618            7999325.96
    2.0150             21.197607          1.915172            7986046.93
    2.0200             21.184165          1.917275            7972727.08
    2.0250             21.170669          1.918966            7959366.66
    2.0300             21.157117          1.920259            7945965.90
    2.0350             21.143510          1.921155            7932525.04
    2.0400             21.129849          1.921654            7919044.33
    2.0450             21.116133          1.921756            7905524.01
    2.0500             21.102363          1.921476            7891964.32
    2.0550             21.088538          1.920844            7878365.51
    2.0600             21.074658          1.919918            7864727.82
    2.0650             21.060725          1.918810            7851051.49
    2.0700             21.046737          1.917586            7837336.78
    2.0750             21.032695          1.916404            7823583.93
    2.0800             21.018599          1.915456            7809793.18
    2.0850             21.004449          1.914948            7795964.78
    2.0900             20.990245          1.915001            7782098.98
    2.0950             20.975987          1.915819            7768196.03
    2.1000             20.961675          1.917546            7754256.17
    2.1050             20.947310          1.920280            7740279.65
    2.1100             20.932892          1.924062            7726266.72
    2.1150             20.918419          1.928859            7712217.63
    2.1200             20.903894          1.934555            7698132.64
    2.1250             20.889315          1.940955            7684011.99
    2.1300             20.874682          1.947776            7669855.92
    2.1350             20.859997          1.954732            7655664.70
    2.1400             20.845259          1.961473            7641438.58
    2.1450             20.830467          1.967704            7627177.80
    2.1500             20.815623          1.973187            7612882.62
    2.1550             20.800726          1.977784            7598553.29
    2.1600             20.785776          1.981488            7584190.06
    2.1650             20.770773          1.986010            7569793.20
    2.1700             20.755718          1.987406            7555362.94
    2.1750             20.740611          1.988742            7540899.54
    2.1800             20.725451          1.990013            7526403.27
    2.1850             20.710238          1.991214            7511874.37
    2.1900             20.694974          1.992338            7497313.10
    2.1950             20.679657          1.993381            7482719.71
    2.2000             20.664289          1.996400            7468094.46
    2.2050             20.648868          1.999810            7453437.61
    2.2100             20.633396          2.003189            7438749.41
    2.2150             20.617872          2.006536            7424030.12
    2.2200             20.602296          2.006532            7409279.99
    2.2250             20.586669          1.995996            7394499.29
    2.2300             20.570990          1.766367            7379688.26
    2.2350             20.555259          1.645018            7364847.17
    2.2400             20.539478          1.266538            7349976.28
    2.2450             20.523645          1.943852            7335075.84
    2.2500             20.507761          2.045170            7320146.11
    2.2550             20.491826          2.017158            7305187.35
    2.2600             20.475840          2.017460            7290199.82
    2.2650             20.459803          2.017609            7275183.78
    2.2700             20.443715          2.017569            7260139.48
    2.2750             20.427577          2.017292            7245067.19
    2.2800             20.411388          2.016712            7229967.16
    2.2850             20.395149          2.015746            7214839.67
    2.2900             20.378859          2.014276            7199684.95
    2.2950             20.362519          2.004595            7184503.29
    2.3000             20.346129          1.996103            7169294.92
    2.3050             20.329688          1.989070            7154060.13
    2.3100             20.313198          1.983573            7138799.16
    2.3150             20.296658          1.979611            7123512.28
    2.3200             20.280067          1.977106            7108199.76
    2.3250             20.263428          1.975962            7092861.84
    2.3300             20.246738          1.976056            7077498.79
    2.3350             20.229999          1.977254            7062110.87
    2.3400             20.213210          1.979418            7046698.35
    2.3450             20.196373          1.982417            7031261.49
    2.3500             20.179485          1.986124            7015800.55
    2.3550             20.162549          1.990424            7000315.78
    2.3600             20.145564          1.995213            6984807.46
    2.3650             20.128529          2.000396            6969275.83
    2.3700             20.111446          2.005891            6953721.18
    2.3750             20.094314          2.011627            6938143.75
    2.3800             20.077134          2.017542            6922543.82
